1 * 3 4 * 6 7 8 9 10 * 12 13 14 15 *
5 6 * 8 9 * 11 12 * 14 15 16 1 * 3 4
9 10 11 * 13 14 15 * 1 2 3 4 * 6 7 8
13 * 15 16 1 2 * 4 5 6 7 * 9 10 11 12
2 3 4 * 6 7 8 9 10 * 12 13 14 15 16 1
6 7 * 9 10 11 * 13 14 15 16 1 2 3 * 5
10 11 12 13 * 15 16 1 2 3 * 5 6 7 8 9
14 15 16 1 2 * 4 5 6 7 8 9 10 11 12 *
3 4 5 6 * 8 9 10 11 12 13 14 * 16 1 2
7 8 9 * 11 12 13 14 15 * 1 2 3 4 5 6
11 12 * 14 15 16 1 2 3 4 5 6 7 8 9 10
15 16 1 2 3 4 5 * 7 8 9 10 11 12 13 14
4 5 6 7 8 * 10 11 12 13 14 15 16 1 2 3
8 9 10 11 12 13 14 15 * 1 2 3 4 5 6 7
12 13 14 15 16 1 2 3 4 5 6 7 * 9 10 11
16 1 2 3 4 5 6 7 8 9 10 11 12 13 * 15 
